$ANSIBLE_VAULT;1.1;AES256
38656464636631316565616566663738373333666638336263653361666265636133303965633566
6138303161346333356365396665303239313739663162330a383632303936643864633431353764
39343365636537343966393834376537643433323631623437643266393533353431333838386231
6163326163633837310a623036356561643636623435393435616536396230383232656665646336
66636531626539383565353236323138393333376664653662643834373762333837613365333935
34656135356161373832623735373165363932333933633036353738353865633337616264643738
32373066393230373437396361643366396131636234306335363437383934343165303833383935
36633666333139633964393332366238386261373230656136373833663338363132336562323366
65323633353235306537323663316563386165363764663132313361393338653566336131343365
64363765366234386365633662353932376263636362616135643262376162393536373465393034
66316162343633316464616565623839316138333534336638303161623762653332373463306433
32303739313535346130666130363134643465396266343863643264646538393133653166346132
39663663613966393234326239653537666462356463353936656234336135643066306663323734
63306165313837386538313064343431633966643766613762363435353930303362656639653336
36373731636562623361303334643865663231313230666636386135616435316536376164306431
63343232366437363639343466393036313066626238646136336232326635316565333863386135
61343262386230356164653164383962383662633361616137386362316365323237333261616361
61363431323966363531316439303733656534383630633365363737386264366363333632663837
31373835666632383364313933633532643033313064613132383162313738363334363334383130
32623164313931363533633032666163373438313738356330333634663937326661356132663833
66326332346362666362323466346238396237303235663661366134396332333437666463633961
35396562303032326539356536306566653832633062666537666536316339663161393936313033
64333831643763316665356533663432346433613966306136626636363333383136626334376339
66633336303965316536396463336633316561656664303662666538663733366665663435353965
38633336343661666561616637313565353261616162333862333737383130333534313564393633
32343532363334383936323561656133306138333230353364343230363565363965383961356535
62323861636238656536303435356637313533623365323935663236353032366439336361336261
33336231643066323838663632363066663562646238323338653864633736313539373365333330
62333038313735663063323261353262306330613635353335626339643063356238663338303762
34303038363666386635306361623839323736323439623064616336386433306238653937663263
36653237613063626162656634363165653763386538313166643363363838343964326538656634
35323639306364383364393833396264323762666630393266363035303330346436323233363230
38626462343238663432323964643436666636333937616331336461353636663033333236326534
31663565316438353337643334633230306564623939363161343936313866653965333133313064
64353938663434623536316132313730363564383632376632663461666166616666633935316563
65663766393236353964633534383537646636373534316330643735633862666665653636303131
38613536633366316333303030363664393531343338343439356138653239343134663435646639
63333431616566366662386630373965306439663764663230303234326533633765623137366165
65353464366162323533363637343062353835353661653238656539646138353166356130383066
36663931336664323966303237316564303639393430323464623533316534313636326536343734
63663030353335646237303765323830333864366466373566643565313130623562643035393834
63373030396230303433636137353735626332643865316336393933663161386339393262313862
63376466636334346331376462303962653639616334626661316531376637346461303735633537
63613764316533633061386530646237333166666630376661353965613635386434333663313731
63383964323937646665353665616663616662326636343962653562623362386161306131323561
63613739613665383731633464303165316437643331336666383931353532643035633862393462
39363736356331666461353339306333623865393166343137326239326661303936663234363537
38633134343263666231376466363662646432623234663532613734636163636338386535323462
37613161333539363635633830323263663733636436623666636337613435623631333261616636
65333731396432343761333933663132323139613638363262643235333939636134326633326564
37343033356262633038383936353039343033393164306530376232613139643135636536313562
64373331653266633764313834346134306466636433363231313839666538646537663730393162
63363832373564306261316431343533646261376535373239383336333833303634396263623661
32613065356437663432663365326530623136393034353661323539616466306430646434313461
63313831653436396339396362333339306465656261373762383433373531646532356234653066
61663031353261363634303964663436626365663963633431636139356265656334656139343961
66373431636465633663383065626466363465323866326164323461646262393835386262376466
63653131663061316634656136653630306339333438613130393161613166353630633633356464
38626162623539386331616134666661646536366666316438663263633065396431333062383038
33366364313237633338323335666134323539653436383031333833653063663162653033643966
34613362393261656337333265343432663638333435643737376561626234323730346136306238
34373465653765313638396363653064306133313164656462396330616532383636613239343634
39376633373162303434626331393962393535333138383336386561646564383034323363646334
65336239656539353031646137323636346637626239306530613734363434306164373762343530
61646534336161393632373436303863323236626339353164613833336462616461373164336163
37303565643938653366613534643134656236373665623336613432663964393334363263663062
31303330623237636562613831613836643464376164656463306466373162303031633064633962
65383738346538333932663637373233386139653632656364613462313936663361633733326539
66643164386661626561623065613134383137653038613935653231616637663532336435613365
30623931323465333733366262663638343236303631363934373030653761343761396561383439
32616635636362363832623539356163643738323936313565326564356665303030623336613239
35376238613931353561383762613937326431643961383839663639363739363838353566633061
64643834333633373465306633343164356333616536633538656432363435643430653762303936
63313863633637343238656562303765323634336438326561363730613236663166656566313532
35343934383835623738336531366237346665373763386436373738366264303562653962313562
33666565396338306337366634636261643735336335336234366430633861393164326434663564
66663239363330613133643663653761643938313666653766613737643430373034376261303530
39303237393237646631653135333434323339333535386331343630613463386331623261313335
33363634316635633238646664316630663537346538623664393132626536313034313035303561
66336339313037646239306462656635363238336466316430616136643533373634303265356564
61366265663466343634353961633965643563306331393037393438383938373763
