$ANSIBLE_VAULT;1.1;AES256
32323135646464643936636365616535343931623932336363313432663136613635643662653536
6533616634373338323863656565373935613132343533360a336437363938303366353866626332
62373663616366333736303562376635646564303237643464363433643738386461303066396366
3136613832393935310a376637623136626139623238613832663361353161633234663432336535
37343437626164316632626166313239373133386566636464626166383661363661646563363235
38346165306163643634343837616265613165653831393164633762356636366230623836363161
30303834333966373935333939663436663834643230623037323831646134316430346331323436
62303534306135333532643566303931643966633863336437613061366466623632343663353265
38333461313532343761643066636362346162383862393130623132396635333437396561653964
66653135303337613064366663636131343737653836363639323332623537393935353130353562
36363931613339663161323864396662346432393030303636303833336166303432323738663963
33343765323163303363643564356237633737383435386364643165663362633839303733313338
65386561633639653731623239366262636134303236393166386365393934633963343334653531
6333636466383339626432393930373138326237646262313666
